{"mean": [-0.05941860005259514, 0.011768926866352558, 0.09437523037195206, -0.044393423944711685, 0.020609194412827492, 0.09886030107736588, 0.025225713849067688, -0.04182297736406326, -0.12244921922683716, -0.5071471929550171, 0.15293313562870026, -0.08803371340036392, -0.21135058999061584, 0.01558248233050108, -0.26138800382614136, 0.0070543778128921986, 0.012227357365190983, -0.15473712980747223, 0.04147101566195488, 0.0883244127035141, 0.08719750493764877, -0.1040932834148407, 0.33440765738487244, 0.12246624380350113, 0.19968049228191376, 0.06127745285630226, -0.022483913227915764, -0.08676863461732864, 0.10181973874568939, 0.002360839396715164, 0.0004746123740915209, 0.00015419274859596044], "covariance": [[1.6582410120761895, 0.2494895003337107, 0.9890202130414392, -0.18834737145636968, 0.14909822088594965, -0.2944098567740736, 0.997535737851907, 0.5053881699863008, 0.24444710812571355, 0.27100639617078787, 1.0847499381602532, -0.043657034663708495, -0.7662676597950139, 0.3338135032081636, 0.031729822493062304, 0.1998875375647533, -0.8769856051283547, -0.6732055764383992, -0.5776856553916662, 0.5217041640612137, 0.136391985562518, 0.09513076528300192, 0.2528977497234502, 0.2605640481581184, -0.28935223996291115, -0.47308206497857025, -0.05530198276137731, 0.4328598095817894, -0.21757136875707309, -0.006131420630804197, -0.001435547907278653, -0.00011073909142814618], [0.2494895003337107, 1.2062027606601735, 0.41608686200572476, -0.16102191014073763, -0.28395999955556167, 0.27693263809773583, 0.05156758586860412, -0.13734164836556473, 0.257084631124939, 0.05982051287335613, 0.35993115070599874, 0.6855184267876652, -0.4728990716368939, 0.1140624751272753, 0.0364332996322728, -0.7158479735547233, -0.013681046690408483, -0.20858562907433226, 0.13524535472743335, 0.6033357742348068, -0.35566198277772904, -0.031462451166424966, 0.13906231560961566, -0.16891264936556563, 0.23117272455698928, -0.14154477912812674, 0.04491189257243708, 0.10498006493820826, -0.10195072411958155, 0.00030935030357490833, -0.0004577492995171072, -6.145423402075155e-06], [0.9890202130414392, 0.41608686200572476, 0.9055989561722201, -0.414000459670955, 0.022075274512648745, 0.14968552820051878, 0.4917373035091693, 0.29360114919742825, 0.5241208632234536, -0.11580841915565276, 0.811433653688186, 0.06693537137225798, -0.6680707795743493, 0.24568211966948197, -0.11820574967033019, -0.008448536178886353, -0.49361262699254493, -0.459607101968779, -0.3567950991366187, 0.505533913573969, -0.000578578346478336, 0.08481836422386589, 0.11424245668323646, 0.10854443723686956, -0.253244724000341, -0.3348856515775549, -0.027250760340059195, 0.2936548160910935, -0.16493476727361084, -0.004288627531661772, -0.0010567403891813519, -6.990266730677617e-06], [-0.18834737145636968, -0.16102191014073763, -0.414000459670955, 0.8298127780188277, 0.04748847015342536, -0.10256091645910605, -0.19032543262386736, -0.4345109417349609, -0.4244114852541837, 0.15261250981061186, -0.30243795303014526, 0.1612259758423762, 0.3186823616541718, -0.22856871311887883, 0.20910479864588322, 0.1344579193126655, 0.06211146448300001, 0.043151805344071106, 0.18861201624361248, -0.20614034113479698, 0.08499413871443895, 0.022781546973665072, 0.052574569586684806, -0.05691151648790027, 0.297992810204587, 0.20206111886160957, -0.0011516966859690173, -0.1678650152663503, 0.10208875522534441, 0.005750613265529534, 7.454204387392117e-05, -1.990736449666358e-05], [0.14909822088594965, -0.28395999955556167, 0.022075274512648745, 0.04748847015342536, 0.7256158160294053, 0.12416106636049418, 0.5363925238542746, -0.08389186292651038, 0.4978414773233061, 0.06563567942848146, 0.04175000605098063, -0.29023021317798664, 0.04606716111602364, 0.27804490178298197, 0.3061962368327154, 0.19343794562325575, -0.43537251029693735, 0.013954172375877202, -0.23301235790117705, -0.1399434924605506, -0.12581740986800588, 0.024457654279215764, 0.048300593549073324, 0.07884820911549263, -0.19452573512888666, -0.043253214580599886, -0.0781992979009808, 0.06759553613740432, 0.009079662926816673, 0.00032851659905087677, 1.8529970344318925e-05, 5.121558731912483e-06], [-0.2944098567740736, 0.27693263809773583, 0.14968552820051878, -0.10256091645910605, 0.12416106636049418, 0.8246241875826933, -0.21121946965618793, -0.588565858788578, 0.6305420341567073, -0.6662694823291287, -0.2652564749554226, 0.20121050095392934, -0.11902446002133375, 0.06947071886445594, 0.1558900093846076, -0.30249827404282226, 0.24968981817980385, 0.1439915833527777, 0.28064175046710793, -0.019089435168785182, -0.09987889856174269, -0.06631505923584491, -0.06256686650710323, -0.12772124779658184, 0.11978846650088006, 0.0862721318778275, 0.03953522665149263, -0.09956440677030536, 0.07033609668383203, 0.003851522643060332, 5.336121167317838e-05, 7.25077949337077e-05], [0.997535737851907, 0.05156758586860412, 0.4917373035091693, -0.19032543262386736, 0.5363925238542746, -0.21121946965618793, 1.104134368623586, 0.3423417058350018, 0.37766048076382774, 0.32929118792227263, 0.6724909448947476, -0.37127420347997375, -0.44502063276894943, 0.22730187995218437, 0.3845724331189586, 0.20617486790787523, -0.8353013862375549, -0.3555729684423779, -0.5487150572403836, 0.12050488048053275, -0.11356335800596407, 0.08658505550656043, 0.18501364943093943, 0.18112149874143102, -0.33121063963775565, -0.3354788615182667, -0.0847429585462395, 0.33180066184161244, -0.14834363447055546, -0.005149366844089235, -0.0005659834617799395, -6.45340369712373e-05], [0.5053881699863008, -0.13734164836556473, 0.29360114919742825, -0.4345109417349609, -0.08389186292651038, -0.588565858788578, 0.3423417058350018, 0.8335341032159064, -0.11122340759034553, 0.44536756395104643, 0.5768470546544233, -0.3323377900340065, -0.15632927454293857, 0.03734715123032125, -0.33069152496377635, 0.2901014602217799, -0.2918751819742139, -0.19180131311782447, -0.4684571647658977, 0.175779328015991, 0.028271705976106176, 0.09770899188708823, 0.028670659994069425, 0.17572141768362173, -0.36020330173458137, -0.22853447881703393, -0.0559157549104865, 0.22099613574454333, -0.14390843012472357, -0.006552400710056682, -0.0003858470722031867, -3.3092015877100694e-05], [0.24444710812571355, 0.257084631124939, 0.5241208632234536, -0.4244114852541837, 0.4978414773233061, 0.6305420341567073, 0.37766048076382774, -0.11122340759034553, 1.2815356642791014, -0.11429900512160762, 0.22995467145582174, 0.007916055985916387, -0.12590858636990643, 0.3480198649424875, 0.3293871781854803, -0.1657234849900912, -0.3600686686364365, 0.07011588489368974, -0.24896988991973626, 0.10181741670374467, -0.35680072072781704, 0.029079159816779356, 0.0013402366617437116, -0.019278197768036257, -0.18393643752835856, -0.14149387776023856, -0.030065588370870103, 0.12648357369683486, -0.0675519120246562, -0.0028745240764776778, -4.607382380695848e-05, 6.907625098667075e-05], [0.27100639617078787, 0.05982051287335613, -0.11580841915565276, 0.15261250981061186, 0.06563567942848146, -0.6662694823291287, 0.32929118792227263, 0.44536756395104643, -0.11429900512160762, 1.0109349633631415, 0.28254496174468813, 0.0535396275461708, 0.25312771346877705, 0.0851608383674864, 0.16199473614425489, 0.02551634474498975, -0.44405569108469545, -0.06536310875988056, -0.31323708497959857, 0.10751898536922447, -0.20070360352234148, 0.05530253340848426, 0.10481621194833535, 0.04765833526225408, -0.026839634500012904, -0.09884508648697402, -0.04662178906011498, 0.11649347150716334, -0.1033474040389491, -0.005170050412774933, 0.00029254978501767393, -6.242958759068158e-05], [1.0847499381602532, 0.35993115070599874, 0.811433653688186, -0.30243795303014526, 0.04175000605098063, -0.2652564749554226, 0.6724909448947476, 0.5768470546544233, 0.22995467145582174, 0.28254496174468813, 1.1726381921783404, 0.033114731306117466, -0.8038971505641723, 0.021001180793566873, -0.18914369955344956, 0.08198940194514541, -0.6439954758186152, -0.6476213272588924, -0.519588131462453, 0.6191432518189097, 0.046113536974777124, 0.15839745690852552, 0.15030263854097844, 0.11443676096820626, -0.3226319746764197, -0.3883908921671788, -0.038782989917499934, 0.35208799156152826, -0.19044342205944606, -0.0057548609013892416, -0.000673414954426365, -4.719799980697419e-05], [-0.043657034663708495, 0.6855184267876652, 0.06693537137225798, 0.1612259758423762, -0.29023021317798664, 0.20121050095392934, -0.37127420347997375, -0.3323377900340065, 0.007916055985916387, 0.0535396275461708, 0.033114731306117466, 1.0526294624332635, -0.12477962254970802, 0.2498253816497918, -0.03133419322158064, -0.720010287124401, 0.108394912621353, 0.02903349194941404, 0.27298537873675105, 0.5186543351736581, -0.18123722770920364, -0.050728888639312, 0.000886332664755965, -0.2214685985731501, 0.3434587708355804, 0.03323045465212574, 0.102114731264063, -0.07786058797609695, 0.027695542375329132, 0.0029121412295697964, 6.014254176252589e-05, -8.727908427601778e-06], [-0.7662676597950139, -0.4728990716368939, -0.6680707795743493, 0.3186823616541718, 0.04606716111602364, -0.11902446002133375, -0.44502063276894943, -0.15632927454293857, -0.12590858636990643, 0.25312771346877705, -0.8038971505641723, -0.12477962254970802, 0.9603276584812713, -0.028368154037030545, 0.20124080308933073, 0.2388746037017288, 0.2415371872768813, 0.5732462620576595, 0.10558302343044555, -0.5868637075914646, -0.11956020177651713, -0.021476348887809336, -0.12152715751705244, -0.04766493509105003, 0.16593997148424142, 0.2760903612039049, 0.00014390385182788638, -0.23708239683958396, 0.09508342449472823, 0.0014793107754337035, 0.00048566820607816514, 6.256938313326466e-05], [0.3338135032081636, 0.1140624751272753, 0.24568211966948197, -0.22856871311887883, 0.27804490178298197, 0.06947071886445594, 0.22730187995218437, 0.03734715123032125, 0.3480198649424875, 0.0851608383674864, 0.021001180793566873, 0.2498253816497918, -0.028368154037030545, 0.8477484980691276, -0.03363534712952655, -0.3443798099476054, -0.45706556382368374, 0.045536712579567026, -0.1443594376885942, 0.30335985437707397, -0.0639643991862163, -0.02412532580758278, 0.06958493403640562, 0.07212844290080052, -0.09022793131861147, -0.11265614465389744, -0.039330001471686034, 0.1034603830465046, -0.07591763702793373, -0.001521889574020066, -0.0006249030183826754, -3.4081968795787314e-05], [0.031729822493062304, 0.0364332996322728, -0.11820574967033019, 0.20910479864588322, 0.3061962368327154, 0.1558900093846076, 0.3845724331189586, -0.33069152496377635, 0.3293871781854803, 0.16199473614425489, -0.18914369955344956, -0.03133419322158064, 0.20124080308933073, -0.03363534712952655, 0.7924335542913167, -0.0438055960663555, -0.3809191658097494, 0.18499605782452425, -0.1264541022859057, -0.29532056794914074, -0.3469608082694168, 0.05645692099276854, 0.027203473516526425, -0.08113624864045571, 0.07259855048043194, 0.006580884937340363, 0.0062472581190833, 0.00036981042013731707, 0.01153321734908528, -0.0009031410225366318, 0.0003671015454291479, 2.9968920903962155e-05], [0.1998875375647533, -0.7158479735547233, -0.008448536178886353, 0.1344579193126655, 0.19343794562325575, -0.30249827404282226, 0.20617486790787523, 0.2901014602217799, -0.1657234849900912, 0.02551634474498975, 0.08198940194514541, -0.720010287124401, 0.2388746037017288, -0.3443798099476054, -0.0438055960663555, 1.0274504152943498, -0.09881483574804403, -0.2277835626112574, -0.20272558355748957, -0.43751548565032106, 0.31511765960290833, 0.010083291315835153, -0.016681777633988724, 0.2102330520728684, -0.20995422036918132, -0.03413181320506928, -0.0471861269952246, 0.05300451177132446, 0.005912734534312953, -0.002634307508612767, -0.00010685852811950689, 3.311507090342491e-05], [-0.8769856051283547, -0.013681046690408483, -0.49361262699254493, 0.06211146448300001, -0.43537251029693735, 0.24968981817980385, -0.8353013862375549, -0.2918751819742139, -0.3600686686364365, -0.44405569108469545, -0.6439954758186152, 0.108394912621353, 0.2415371872768813, -0.45706556382368374, -0.3809191658097494, -0.09881483574804403, 1.2346561777991438, 0.26685188527530934, 0.7302396156759964, -0.23382294846746132, 0.10109152169416052, -0.2764063169521991, -0.13685058394600813, -0.09451160230947747, 0.3366828081645251, 0.30225175224665235, 0.08078332135725806, -0.2970846733619848, 0.20017874176967934, 0.006569991410199025, 0.0007583880574814319, -1.954834068593533e-06], [-0.6732055764383992, -0.20858562907433226, -0.459607101968779, 0.043151805344071106, 0.013954172375877202, 0.1439915833527777, -0.3555729684423779, -0.19180131311782447, 0.07011588489368974, -0.06536310875988056, -0.6476213272588924, 0.02903349194941404, 0.5732462620576595, 0.045536712579567026, 0.18499605782452425, -0.2277835626112574, 0.26685188527530934, 0.8136153202947995, -0.05005296496498647, -0.44375516849981356, -0.23109729622716985, 0.1146000118348697, -0.14709274820398754, -0.11271445485570868, 0.08228712538693318, 0.23455354758192898, 0.010201165757173069, -0.21271799140997988, 0.06718596226868416, 0.004009040320226565, -2.6469508641286557e-05, 5.748807135000605e-05], [-0.5776856553916662, 0.13524535472743335, -0.3567950991366187, 0.18861201624361248, -0.23301235790117705, 0.28064175046710793, -0.5487150572403836, -0.4684571647658977, -0.24896988991973626, -0.31323708497959857, -0.519588131462453, 0.27298537873675105, 0.10558302343044555, -0.1443594376885942, -0.1264541022859057, -0.20272558355748957, 0.7302396156759964, -0.05005296496498647, 0.7378392888824095, -0.016393637334070676, 0.09506349567839695, -0.3136341013152404, -0.0465949493279181, -0.10154187351766904, 0.3578449099714724, 0.20112701217434117, 0.07857157605401718, -0.20383379358617867, 0.16082426743942962, 0.004201365114915843, 0.0008649070636895476, -2.1708664314341946e-05], [0.5217041640612137, 0.6033357742348068, 0.505533913573969, -0.20614034113479698, -0.1399434924605506, -0.019089435168785182, 0.12050488048053275, 0.175779328015991, 0.10181741670374467, 0.10751898536922447, 0.6191432518189097, 0.5186543351736581, -0.5868637075914646, 0.30335985437707397, -0.29532056794914074, -0.43751548565032106, -0.23382294846746132, -0.44375516849981356, -0.016393637334070676, 0.7667142735538824, -0.1510343931246294, -0.008819938323830675, 0.10991026021276813, -0.029971291542213136, -0.04192892157479866, -0.20159352376346618, 0.0050757854839590475, 0.16531085894105568, -0.07823514727820013, -0.0012628792648149323, -0.0003465121509254949, -4.204887269624212e-05], [0.136391985562518, -0.35566198277772904, -0.000578578346478336, 0.08499413871443895, -0.12581740986800588, -0.09987889856174269, -0.11356335800596407, 0.028271705976106176, -0.35680072072781704, -0.20070360352234148, 0.046113536974777124, -0.18123722770920364, -0.11956020177651713, -0.0639643991862163, -0.3469608082694168, 0.31511765960290833, 0.10109152169416052, -0.23109729622716985, 0.09506349567839695, -0.1510343931246294, 0.99550349518833, -0.0798523812583333, -0.012257601797463994, 0.1408140121892687, 0.03548307437652124, -0.0041885556487847985, 0.014737078831403275, 0.005134817717915987, -0.05191082512995389, -0.0020344512601512175, -0.00010816789427570824, -7.263131088591145e-05], [0.09513076528300192, -0.031462451166424966, 0.08481836422386589, 0.022781546973665072, 0.024457654279215764, -0.06631505923584491, 0.08658505550656043, 0.09770899188708823, 0.029079159816779356, 0.05530253340848426, 0.15839745690852552, -0.050728888639312, -0.021476348887809336, -0.02412532580758278, 0.05645692099276854, 0.010083291315835153, -0.2764063169521991, 0.1146000118348697, -0.3136341013152404, -0.008819938323830675, -0.0798523812583333, 0.2158698390324269, 0.0068459364290292795, -0.07677547514646803, -0.09758375782411217, -0.016994119046029415, -0.025311105852434183, 0.025104946483875026, -0.055166761494852425, -0.00014044164032495256, -0.00046639835822722146, 2.8438221539445857e-05], [0.2528977497234502, 0.13906231560961566, 0.11424245668323646, 0.052574569586684806, 0.048300593549073324, -0.06256686650710323, 0.18501364943093943, 0.028670659994069425, 0.0013402366617437116, 0.10481621194833535, 0.15030263854097844, 0.000886332664755965, -0.12152715751705244, 0.06958493403640562, 0.027203473516526425, -0.016681777633988724, -0.13685058394600813, -0.14709274820398754, -0.0465949493279181, 0.10991026021276813, -0.012257601797463994, 0.0068459364290292795, 0.873569562896135, 0.04093509118136793, 0.6172081859878262, -0.05941471085241924, -0.3357532847405068, 0.1414598946383039, -0.01820366665521031, -0.00019602651530090665, 7.217034399082779e-05, -3.572882594013461e-05], [0.2605640481581184, -0.16891264936556563, 0.10854443723686956, -0.05691151648790027, 0.07884820911549263, -0.12772124779658184, 0.18112149874143102, 0.17572141768362173, -0.019278197768036257, 0.04765833526225408, 0.11443676096820626, -0.2214685985731501, -0.04766493509105003, 0.07212844290080052, -0.08113624864045571, 0.2102330520728684, -0.09451160230947747, -0.11271445485570868, -0.10154187351766904, -0.029971291542213136, 0.1408140121892687, -0.07677547514646803, 0.04093509118136793, 0.932044690069933, -0.19525434020806837, -0.14035649502824, -0.09695055547113195, 0.12889796442502255, 0.009856514321305078, 0.0003909611497447282, 0.00016467765749441735, 4.032672293151552e-05], [-0.28935223996291115, 0.23117272455698928, -0.253244724000341, 0.297992810204587, -0.19452573512888666, 0.11978846650088006, -0.33121063963775565, -0.36020330173458137, -0.18393643752835856, -0.026839634500012904, -0.3226319746764197, 0.3434587708355804, 0.16593997148424142, -0.09022793131861147, 0.07259855048043194, -0.20995422036918132, 0.3366828081645251, 0.08228712538693318, 0.3578449099714724, -0.04192892157479866, 0.03548307437652124, -0.09758375782411217, 0.6172081859878262, -0.19525434020806837, 1.1212804756544432, 0.03525012434774925, 0.11154838367270979, -0.07799390626877657, 0.09321289336578159, 0.0020418141043981744, 0.0007413107146366793, -0.00010465404800285627], [-0.47308206497857025, -0.14154477912812674, -0.3348856515775549, 0.20206111886160957, -0.043253214580599886, 0.0862721318778275, -0.3354788615182667, -0.22853447881703393, -0.14149387776023856, -0.09884508648697402, -0.3883908921671788, 0.03323045465212574, 0.2760903612039049, -0.11265614465389744, 0.006580884937340363, -0.03413181320506928, 0.30225175224665235, 0.23455354758192898, 0.20112701217434117, -0.20159352376346618, -0.0041885556487847985, -0.016994119046029415, -0.05941471085241924, -0.14035649502824, 0.03525012434774925, 0.9177937867572983, -0.22710523884290135, -0.6743939843992954, 0.09362134227276113, 0.0023876606759613977, 0.0005487078150676293, 2.3046246978921285e-05], [-0.05530198276137731, 0.04491189257243708, -0.027250760340059195, -0.0011516966859690173, -0.0781992979009808, 0.03953522665149263, -0.0847429585462395, -0.0559157549104865, -0.030065588370870103, -0.04662178906011498, -0.038782989917499934, 0.102114731264063, 0.00014390385182788638, -0.039330001471686034, 0.0062472581190833, -0.0471861269952246, 0.08078332135725806, 0.010201165757173069, 0.07857157605401718, 0.0050757854839590475, 0.014737078831403275, -0.025311105852434183, -0.3357532847405068, -0.09695055547113195, 0.11154838367270979, -0.22710523884290135, 0.4661367543055351, 0.04931303575693498, 0.019317608949274433, -0.0006791943515107802, 0.00014780618999690737, -7.082215611827737e-05], [0.4328598095817894, 0.10498006493820826, 0.2936548160910935, -0.1678650152663503, 0.06759553613740432, -0.09956440677030536, 0.33180066184161244, 0.22099613574454333, 0.12648357369683486, 0.11649347150716334, 0.35208799156152826, -0.07786058797609695, -0.23708239683958396, 0.1034603830465046, 0.00036981042013731707, 0.05300451177132446, -0.2970846733619848, -0.21271799140997988, -0.20383379358617867, 0.16531085894105568, 0.005134817717915987, 0.025104946483875026, 0.1414598946383039, 0.12889796442502255, -0.07799390626877657, -0.6743939843992954, 0.04931303575693498, 0.5321631580001257, -0.09074316881663322, -0.0021164612136561982, -0.0005099596349176573, -3.944732016379481e-06], [-0.21757136875707309, -0.10195072411958155, -0.16493476727361084, 0.10208875522534441, 0.009079662926816673, 0.07033609668383203, -0.14834363447055546, -0.14390843012472357, -0.0675519120246562, -0.1033474040389491, -0.19044342205944606, 0.027695542375329132, 0.09508342449472823, -0.07591763702793373, 0.01153321734908528, 0.005912734534312953, 0.20017874176967934, 0.06718596226868416, 0.16082426743942962, -0.07823514727820013, -0.05191082512995389, -0.055166761494852425, -0.01820366665521031, 0.009856514321305078, 0.09321289336578159, 0.09362134227276113, 0.019317608949274433, -0.09074316881663322, 0.08064976219568368, 0.0021828561438945286, 0.00034156460832441963, 5.932259829327645e-06], [-0.006131420630804197, 0.00030935030357490833, -0.004288627531661772, 0.005750613265529534, 0.00032851659905087677, 0.003851522643060332, -0.005149366844089235, -0.006552400710056682, -0.0028745240764776778, -0.005170050412774933, -0.0057548609013892416, 0.0029121412295697964, 0.0014793107754337035, -0.001521889574020066, -0.0009031410225366318, -0.002634307508612767, 0.006569991410199025, 0.004009040320226565, 0.004201365114915843, -0.0012628792648149323, -0.0020344512601512175, -0.00014044164032495256, -0.00019602651530090665, 0.0003909611497447282, 0.0020418141043981744, 0.0023876606759613977, -0.0006791943515107802, -0.0021164612136561982, 0.0021828561438945286, 0.00014679952225376606, -4.167840409896893e-06, 6.387363657765877e-07], [-0.001435547907278653, -0.0004577492995171072, -0.0010567403891813519, 7.454204387392117e-05, 1.8529970344318925e-05, 5.336121167317838e-05, -0.0005659834617799395, -0.0003858470722031867, -4.607382380695848e-05, 0.00029254978501767393, -0.000673414954426365, 6.014254176252589e-05, 0.00048566820607816514, -0.0006249030183826754, 0.0003671015454291479, -0.00010685852811950689, 0.0007583880574814319, -2.6469508641286557e-05, 0.0008649070636895476, -0.0003465121509254949, -0.00010816789427570824, -0.00046639835822722146, 7.217034399082779e-05, 0.00016467765749441735, 0.0007413107146366793, 0.0005487078150676293, 0.00014780618999690737, -0.0005099596349176573, 0.00034156460832441963, -4.167840409896893e-06, 5.32783888742877e-06, -2.578602944233773e-07], [-0.00011073909142814618, -6.145423402075155e-06, -6.990266730677617e-06, -1.990736449666358e-05, 5.121558731912483e-06, 7.25077949337077e-05, -6.45340369712373e-05, -3.3092015877100694e-05, 6.907625098667075e-05, -6.242958759068158e-05, -4.719799980697419e-05, -8.727908427601778e-06, 6.256938313326466e-05, -3.4081968795787314e-05, 2.9968920903962155e-05, 3.311507090342491e-05, -1.954834068593533e-06, 5.748807135000605e-05, -2.1708664314341946e-05, -4.204887269624212e-05, -7.263131088591145e-05, 2.8438221539445857e-05, -3.572882594013461e-05, 4.032672293151552e-05, -0.00010465404800285627, 2.3046246978921285e-05, -7.082215611827737e-05, -3.944732016379481e-06, 5.932259829327645e-06, 6.387363657765877e-07, -2.578602944233773e-07, 2.2265413372265474e-07]]}